250000 100 0.095544
250000 150 0.095856
250000 200 0.095744
250000 240 0.094664
250000 300 0.094048
250000 400 0.094984
250000 600 0.094416
250000 700 0.094356
250000 800 0.095036
250000 900 0.094184
250000 1000 0.094728
640000 100 0.096884
640000 150 0.095486
640000 200 0.095269
640000 240 0.095278
640000 300 0.094781
640000 400 0.094722
640000 600 0.094975
640000 700 0.094339
640000 800 0.094158
640000 900 0.094288
640000 1000 0.093939
1000000 100 0.096529
1000000 150 0.095877
1000000 200 0.095253
1000000 240 0.095069
1000000 300 0.094752
1000000 400 0.094645
1000000 600 0.094508
1000000 700 0.094358
1000000 800 0.094511
1000000 900 0.094989
1000000 1000 0.094274
2560000 100 0.096937
2560000 150 0.095937
2560000 200 0.095546
2560000 240 0.095017
2560000 300 0.094887
2560000 400 0.094850
2560000 600 0.094645
2560000 700 0.094309
2560000 800 0.094491
2560000 900 0.094489
2560000 1000 0.094396
4000000 100 0.096624
4000000 150 0.095494
4000000 200 0.095414
4000000 240 0.095233
4000000 300 0.094977
4000000 400 0.094933
4000000 600 0.094751
4000000 700 0.094471
4000000 800 0.094520
4000000 900 0.094571
4000000 1000 0.094095
5760000 100 0.096786
5760000 150 0.095813
5760000 200 0.095571
5760000 240 0.095087
5760000 300 0.095024
5760000 400 0.094825
5760000 600 0.094567
5760000 700 0.094460
5760000 800 0.094312
5760000 900 0.094478
5760000 1000 0.094499
6760000 100 0.096429
6760000 150 0.095716
6760000 200 0.095453
6760000 240 0.095210
6760000 300 0.095030
6760000 400 0.094817
6760000 600 0.094515
6760000 700 0.094440
6760000 800 0.094422
6760000 900 0.094456
6760000 1000 0.094447
9000000 100 0.096689
9000000 150 0.095714
9000000 200 0.095474
9000000 240 0.095194
9000000 300 0.094966
9000000 400 0.094734
9000000 600 0.094563
9000000 700 0.094452
9000000 800 0.094494
9000000 900 0.094386
9000000 1000 0.094355