250000 100 0.096732
250000 150 0.095832
250000 200 0.095436
250000 240 0.095216
250000 300 0.095024
250000 400 0.094800
250000 600 0.094580
250000 700 0.094524
250000 800 0.094472
250000 900 0.094428
250000 1000 0.094400
640000 100 0.096636
640000 150 0.095750
640000 200 0.095331
640000 240 0.095114
640000 300 0.094906
640000 400 0.094705
640000 600 0.094466
640000 700 0.094398
640000 800 0.094364
640000 900 0.094328
640000 1000 0.094297
1000000 100 0.096624
1000000 150 0.095775
1000000 200 0.095361
1000000 240 0.095163
1000000 300 0.094963
1000000 400 0.094766
1000000 600 0.094547
1000000 700 0.094487
1000000 800 0.094448
1000000 900 0.094416
1000000 1000 0.094380
2560000 100 0.096646
2560000 150 0.095801
2560000 200 0.095395
2560000 240 0.095193
2560000 300 0.094985
2560000 400 0.094773
2560000 600 0.094571
2560000 700 0.094512
2560000 800 0.094475
2560000 900 0.094442
2560000 1000 0.094415
4000000 100 0.096672
4000000 150 0.095804
4000000 200 0.095374
4000000 240 0.095173
4000000 300 0.094972
4000000 400 0.094768
4000000 600 0.094570
4000000 700 0.094513
4000000 800 0.094470
4000000 900 0.094441
4000000 1000 0.094414
5760000 100 0.096652
5760000 150 0.095825
5760000 200 0.095392
5760000 240 0.095184
5760000 300 0.094987
5760000 400 0.094780
5760000 600 0.094575
5760000 700 0.094513
5760000 800 0.094466
5760000 900 0.094432
5760000 1000 0.094404
6760000 100 0.096661
6760000 150 0.095806
6760000 200 0.095376
6760000 240 0.095168
6760000 300 0.094960
6760000 400 0.094760
6760000 600 0.094563
6760000 700 0.094505
6760000 800 0.094461
6760000 900 0.094431
6760000 1000 0.094404
9000000 100 0.096679
9000000 150 0.095815
9000000 200 0.095401
9000000 240 0.095186
9000000 300 0.094973
9000000 400 0.094763
9000000 600 0.094562
9000000 700 0.094503
9000000 800 0.094460
9000000 900 0.094425
9000000 1000 0.094396
