250000 100 0.097356
250000 150 0.095384
250000 200 0.095088
250000 240 0.095188
250000 300 0.094580
250000 400 0.094380
250000 600 0.094656
250000 700 0.095480
250000 800 0.094880
250000 900 0.093696
250000 1000 0.094804
640000 100 0.096422
640000 150 0.096181
640000 200 0.095322
640000 240 0.095356
640000 300 0.095658
640000 400 0.094872
640000 600 0.093844
640000 700 0.094161
640000 800 0.094567
640000 900 0.094419
640000 1000 0.093822
1000000 100 0.096317
1000000 150 0.095648
1000000 200 0.095447
1000000 240 0.095822
1000000 300 0.095211
1000000 400 0.094683
1000000 600 0.095006
1000000 700 0.094559
1000000 800 0.094925
1000000 900 0.094006
1000000 1000 0.094631
2560000 100 0.096386
2560000 150 0.095765
2560000 200 0.095516
2560000 240 0.094866
2560000 300 0.095217
2560000 400 0.094729
2560000 600 0.094221
2560000 700 0.094309
2560000 800 0.094691
2560000 900 0.094393
2560000 1000 0.094299
4000000 100 0.096469
4000000 150 0.095507
4000000 200 0.095299
4000000 240 0.095408
4000000 300 0.094912
4000000 400 0.094564
4000000 600 0.094585
4000000 700 0.094230
4000000 800 0.094526
4000000 900 0.094404
4000000 1000 0.094220
5760000 100 0.096756
5760000 150 0.095647
5760000 200 0.095549
5760000 240 0.095214
5760000 300 0.094987
5760000 400 0.094889
5760000 600 0.094459
5760000 700 0.094229
5760000 800 0.094416
5760000 900 0.094416
5760000 1000 0.094694
6760000 100 0.096475
6760000 150 0.095882
6760000 200 0.095433
6760000 240 0.095158
6760000 300 0.095007
6760000 400 0.094729
6760000 600 0.094641
6760000 700 0.094455
6760000 800 0.094555
6760000 900 0.094424
6760000 1000 0.094353
9000000 100 0.096571
9000000 150 0.095801
9000000 200 0.095489
9000000 240 0.095173
9000000 300 0.094865
9000000 400 0.094585
9000000 600 0.094336
9000000 700 0.094492
9000000 800 0.094527
9000000 900 0.094402
9000000 1000 0.094346
