160000 300 0.094019
160000 300 0.094906
160000 300 0.095625
160000 300 0.095012
160000 300 0.094406
160000 300 0.095162
160000 300 0.094888
160000 300 0.094238
160000 300 0.094356
160000 300 0.094725
160000 300 0.095075
160000 300 0.094569
160000 300 0.095731
160000 300 0.094912
160000 300 0.095688
160000 300 0.094850
160000 300 0.094988
160000 300 0.094500
160000 300 0.094762
160000 300 0.095119
160000 300 0.094381
160000 300 0.095862
160000 300 0.095538
160000 300 0.095450
160000 300 0.095431
160000 300 0.094781
160000 300 0.095675
160000 300 0.093450
160000 300 0.095088
160000 300 0.095050
160000 300 0.095394
160000 300 0.095138
160000 300 0.095469
160000 300 0.094619
160000 300 0.094006
160000 300 0.095238
160000 300 0.095175
160000 300 0.095662
160000 300 0.095075
160000 300 0.094600
160000 300 0.095112
160000 300 0.094988
160000 300 0.094694
160000 300 0.095725
160000 300 0.095200
160000 300 0.095869
160000 300 0.094494
160000 300 0.095350
160000 300 0.095800
160000 300 0.094631
160000 300 0.095544
160000 300 0.095150
160000 300 0.094594
160000 300 0.094506
160000 300 0.094775
160000 300 0.094050
160000 300 0.094856
160000 300 0.094956
160000 300 0.095894
160000 300 0.095688
160000 300 0.095188
160000 300 0.094762
160000 300 0.095831
160000 300 0.094725
160000 300 0.095188
160000 300 0.095275
160000 300 0.095025
160000 300 0.095456
160000 300 0.095388
160000 300 0.094481
160000 300 0.094612
160000 300 0.095688
160000 300 0.095062
160000 300 0.094175
160000 300 0.094319
160000 300 0.094281
160000 300 0.094869
160000 300 0.094838
160000 300 0.095762
160000 300 0.094388
160000 300 0.094912
160000 300 0.095231
160000 300 0.095088
160000 300 0.095562
160000 300 0.094631
160000 300 0.096038
160000 300 0.095306
160000 300 0.094812
160000 300 0.094744
160000 300 0.095744
160000 300 0.095362
160000 300 0.095456
160000 300 0.096175
160000 300 0.095188
160000 300 0.095706
160000 300 0.095062
160000 300 0.095531
160000 300 0.094944
160000 300 0.094944
160000 300 0.095394
