160000 300 0.096262
160000 300 0.094356
160000 300 0.094556
160000 300 0.095725
160000 300 0.094762
160000 300 0.096588
160000 300 0.095481
160000 300 0.095012
160000 300 0.095056
160000 300 0.094800
160000 300 0.096662
160000 300 0.095475
160000 300 0.096169
160000 300 0.094675
160000 300 0.095088
160000 300 0.094669
160000 300 0.094575
160000 300 0.094919
160000 300 0.095644
160000 300 0.095750
160000 300 0.094100
160000 300 0.095612
160000 300 0.094938
160000 300 0.095350
160000 300 0.094356
160000 300 0.094519
160000 300 0.094956
160000 300 0.094388
160000 300 0.094975
160000 300 0.095200
160000 300 0.095419
160000 300 0.095244
160000 300 0.094869
160000 300 0.095875
160000 300 0.094781
160000 300 0.095669
160000 300 0.096731
160000 300 0.094712
160000 300 0.094356
160000 300 0.095331
160000 300 0.095825
160000 300 0.094588
160000 300 0.096188
160000 300 0.095175
160000 300 0.095169
160000 300 0.093394
160000 300 0.094181
160000 300 0.093038
160000 300 0.093681
160000 300 0.093781
160000 300 0.094638
160000 300 0.097131
160000 300 0.094469
160000 300 0.094019
160000 300 0.094188
160000 300 0.094894
160000 300 0.094794
160000 300 0.094025
160000 300 0.094081
160000 300 0.094175
160000 300 0.094350
160000 300 0.096162
160000 300 0.095125
160000 300 0.096188
160000 300 0.094744
160000 300 0.096106
160000 300 0.095394
160000 300 0.095650
160000 300 0.093625
160000 300 0.094906
160000 300 0.095538
160000 300 0.095975
160000 300 0.094600
160000 300 0.094862
160000 300 0.094331
160000 300 0.094481
160000 300 0.094012
160000 300 0.095600
160000 300 0.094888
160000 300 0.094719
160000 300 0.095225
160000 300 0.094162
160000 300 0.094531
160000 300 0.095212
160000 300 0.096150
160000 300 0.094275
160000 300 0.095112
160000 300 0.095606
160000 300 0.095912
160000 300 0.095494
160000 300 0.094225
160000 300 0.095581
160000 300 0.095150
160000 300 0.094600
160000 300 0.094606
160000 300 0.094675
160000 300 0.094669
160000 300 0.095894
160000 300 0.094731
160000 300 0.095538
