6400 50 0.099375
6400 100 0.097500
6400 150 0.096250
6400 180 0.096094
6400 200 0.095781
6400 220 0.095625
6400 230 0.095469
10000 50 0.099200
10000 100 0.096700
10000 150 0.095400
10000 180 0.094900
10000 200 0.094900
10000 220 0.094900
10000 230 0.094800
14400 50 0.098819
14400 100 0.096389
14400 150 0.095486
14400 180 0.095000
14400 200 0.094792
14400 220 0.094653
14400 230 0.094653
19600 50 0.099082
19600 100 0.096429
19600 150 0.095459
19600 180 0.095153
19600 200 0.095153
19600 220 0.095000
19600 230 0.094949
25600 50 0.098789
25600 100 0.096172
25600 150 0.095195
25600 180 0.094922
25600 200 0.094766
25600 220 0.094648
25600 230 0.094609
40000 50 0.099175
40000 100 0.096475
40000 150 0.095850
40000 180 0.095650
40000 200 0.095525
40000 220 0.095525
40000 230 0.095450
