6400 50 0.097969
6400 100 0.097031
6400 150 0.096875
6400 180 0.090781
6400 200 0.092500
6400 220 0.099375
6400 230 0.103281
10000 50 0.096700
10000 100 0.093100
10000 150 0.094000
10000 180 0.093100
10000 200 0.094800
10000 220 0.093000
10000 230 0.094900
14400 50 0.102639
14400 100 0.094722
14400 150 0.098819
14400 180 0.098750
14400 200 0.092986
14400 220 0.096597
14400 230 0.092847
19600 50 0.098316
19600 100 0.095867
19600 150 0.093571
19600 180 0.094745
19600 200 0.095663
19600 220 0.093265
19600 230 0.095000
25600 50 0.100391
25600 100 0.095391
25600 150 0.094492
25600 180 0.096719
25600 200 0.093711
25600 220 0.097187
25600 230 0.095312
40000 50 0.098825
40000 100 0.093850
40000 150 0.095900
40000 180 0.097125
40000 200 0.093150
40000 220 0.096600
40000 230 0.094900
