6400 50 0.100156
6400 100 0.098594
6400 150 0.094844
6400 180 0.097031
6400 200 0.095781
6400 220 0.098437
6400 230 0.094219
10000 50 0.099800
10000 100 0.097900
10000 150 0.096200
10000 180 0.097900
10000 200 0.098100
10000 220 0.095600
10000 230 0.091800
14400 50 0.099167
14400 100 0.096528
14400 150 0.092361
14400 180 0.098264
14400 200 0.099514
14400 220 0.097500
14400 230 0.099722
19600 50 0.097755
19600 100 0.095510
19600 150 0.095765
19600 180 0.097347
19600 200 0.097092
19600 220 0.095408
19600 230 0.096378
25600 50 0.100781
25600 100 0.096289
25600 150 0.094531
25600 180 0.093555
25600 200 0.094844
25600 220 0.094492
25600 230 0.094805
40000 50 0.099100
40000 100 0.097125
40000 150 0.094850
40000 180 0.096100
40000 200 0.094750
40000 220 0.094450
40000 230 0.096175
